      5
      5
      5
      5
      5
      5
      5
      5
      5
      5
      5
      5
      5
      5
      5
      5
      5
      5
      5
      5
      5
      5
      5
      5
      5
      5
      5
      5
      5
      5
      5
      5
      5
      5
      5
      5
      5
      5
      5
      5
      5
      5
      5
      5
      5
      5
      5
      5
      5
      5
      5
      5
      5
      5
      5
      5
      5
      5
      5
      9
      9
      9
      9
      9
      9
      9
      9
      9
      9
      9
      9
      9
      9
      9
      9
      9
      9
      9
      9
      9
      9
      9
      9
      9
      9
      9
      9
      9
      9
      9
      9
      9
      9
      9
      9
      9
      9
      9
      9
      7
      7
      7
      7
      7
      7
      7
      7
      7
      7
      7
      7
      7
      7
      7
      7
      7
      7
      7
      7
      7
      7
      7
      7
      7
      7
      7
      7
      7
      7
     19
     19
     19
     19
     19
     19
     19
     19
     19
     19
     19
     19
     19
     19
     19
     19
     19
     19
     19
     19
     19
     19
     19
     19
     19
     19
     19
     19
     19
     19
     19
     19
     19
     19
     19
     19
     19
     19
     19
     19
     19
     19
     19
     19
     19
     11
     11
     11
     11
     11
     11
     11
     11
     11
     11
     11
     11
     11
     11
     11
     11
     11
     11
     11
     11
     11
     11
     11
     11
     11
     11
     11
     11
     11
     11
     11
     11
     11
     11
     11
     11
     11
     11
     11
     11
     11
     11
     11
     11
     11
     11
     11
     11
     13
     13
     13
     13
     13
     13
     13
     13
     13
     13
     13
     13
     13
     13
     13
     13
     13
     13
     13
     13
     13
     13
     13
     13
     13
     13
     13
     13
     13
     13
     13
     13
     13
     13
     13
     13
     15
     15
     15
     15
     15
     15
     15
     15
     15
     15
     15
     15
     15
     15
     15
     15
     15
     15
     15
     15
     15
     15
     15
     15
     15
     15
     15
     15
     15
     15
     15
     15
     15
     15
     15
     15
     15
     15
     15
     15
     15
     15
     15
     15
     15
     15
     15
     15
     15
     15
      3
      3
      3
      3
      3
      3
      3
      3
      3
      3
      3
      3
      3
      3
      3
      3
      3
      3
      3
      3
      8
      8
      8
      8
      8
      8
      8
      8
      8
      8
      5
      5
      5
      5
      5
      5
      5
      5
      5
      5
      5
      5
      5
      5
      5
      5
      5
      5
      5
      5
      5
      5
      5
      5
      2
      2
      2
      2
      2
      2
      2
      2
      2
      2
      2
      2
      2
      2
      2
      2
      2
      2
      2
      2
      2
      2
      2
      2
      2
      2
      2
      2
      2
      2
      2
      2
      2
      2
      2
      2
      2
      2
      2
      2
      2
      2
      2
      2
      2
      2
      2
      2
      2
      2
      2
      2
      2
      2
      2
      2
      2
      2
      2
      2
     13
     13
     13
     13
     13
     13
     13
     13
     13
     13
     13
     13
     13
     13
     13
     13
     13
     13
     13
     13
     13
     13
     13
     13
     13
     13
     13
     13
     13
     13
     13
     13
     13
     13
     13
     13
     13
     13
     13
     13
     16
     16
     16
     16
     16
     16
     16
     16
     16
     16
     16
     16
     16
     16
     16
     16
     16
     16
     16
     16
     16
     16
     16
     16
     16
     16
     16
     16
     16
     16
     12
     12
     12
     12
     12
     12
     12
     12
     12
     12
     12
     12
     12
     12
     12
     12
     12
     12
     12
     12
     12
     12
     12
     12
     12
     12
     12
     12
     12
     12
     12
     12
     12
     12
     12
     12
     12
     12
     12
     12
     12
     12
     12
     12
     12
     10
     10
     10
     10
     10
     10
     10
     10
     10
     10
     10
     10
     10
     10
     10
     10
     10
     10
     10
     10
     10
     10
     10
     10
     10
     10
     10
     10
     10
     10
     10
     10
     10
     10
     10
     10
     10
     10
     10
     10
     10
     10
     10
     10
     10
     10
     10
     10
     12
     12
     12
     12
     12
     12
     12
     12
     12
     12
     12
     12
     12
     12
     12
     12
     12
     12
     12
     12
     12
     12
     12
     12
     12
     12
     12
     12
     12
     12
     12
     12
     12
     12
     12
     12
     15
     15
     15
     15
     15
     15
     15
     15
     15
     15
     15
     15
     15
     15
     15
     15
     15
     15
     15
     15
     15
     15
     15
     15
     15
     15
     15
     15
     15
     15
     15
     15
     15
     15
     15
     15
     15
     15
     15
     15
     15
     15
     15
     15
     15
     15
     15
     15
     15
     15
     18
     18
     18
     18
     18
     18
     18
     18
     18
     18
     18
     18
     18
     18
     18
     18
     18
     18
     18
     18
     11
     11
     11
     11
     11
     11
     11
     11
     11
     11
      5
      5
      5
      5
      5
      5
      5
      5
      5
      5
      5
      5
      5
      5
      5
      5
      5
      5
      5
      5
      5
      5
      5
      5
      5
